-23
-330
-17
6
26
-337
31
1
280
-369
328
62
330
-382
378
56
340
-385
396
25
539
-469
589
-266
588
-269
632
-54
586
-496
634
-297
678
-76
632
-300
608
-506
663
-302
662
-304
707
-94
775
-540
829
-398
828
-398
892
-185
-280
-376
-318
69
-329
-380
-344
-151
-343
-153
-360
58
-342
-385
-381
19
-541
-467
-613
-53
-580
-488
-659
-68
-608
-499
-652
-284
-652
-284
-695
-86
-778
-540
-879
-170
-820
-540
-916
-199
-857
-540
-960
-223
-910
-194
-960
-215
-878
-176
-661
-75
-614
-56
-360
56
381
56
632
-53
677
-78
889
-187
396
26
630
-64
329
-381
445
-427
445
-427
540
-468
587
-494
666
-540
827
-540
936
-204
937
-204
959
-222
-303
-540
-324
-429
-325
-429
-537
-513
-535
-513
-521
-540
-524
-540
-340
-462
-323
-540
-340
-461
-261
-540
-281
-420
-280
-420
-23
-375
-21
-540
-25
-375
-277
-442
-26
-405
26
-540
25
-375
25
-375
283
-425
283
-423
266
-540
279
-447
27
-402
304
-540
326
-427
535
-521
327
-428
525
-540
533
-516
324
-540
341
-460
341
-460
529
-537
-584
-484
-676
-540
-540
-471
-328
-380
-280
-376
-22
-328
27
-334
280
-367
862
-540
959
-241
-367
112
-633
-8
-672
-16
-899
-122
-939
-147
-960
-160
-932
-150
-960
-78
-895
-120
-960
72
-673
-17
-748
359
-701
-30
-781
344
-630
-5
-713
388
-751
358
-960
268
-738
432
-960
336
397
100
646
-8
685
-18
904
-137
946
-156
959
-162
945
-156
959
-122
903
-133
959
104
714
-33
783
335
685
-20
753
346
639
-7
715
351
751
347
958
268
748
420
959
331
