-23
-330
-17
6
26
-337
31
1
280
-369
328
62
330
-382
378
56
340
-385
396
25
539
-469
589
-266
588
-269
632
-54
586
-496
634
-297
678
-76
632
-300
608
-506
663
-302
662
-304
707
-94
775
-540
829
-398
828
-398
892
-185
-280
-376
-318
69
-329
-380
-344
-151
-343
-153
-360
58
-342
-385
-381
19
-541
-467
-613
-53
-580
-488
-659
-68
-608
-499
-652
-284
-652
-284
-695
-86
-778
-540
-879
-170
-820
-540
-916
-199
-857
-540
-960
-223
-910
-194
-960
-215
-878
-176
-661
-75
-614
-56
-360
56
381
56
632
-53
677
-78
889
-187
396
26
630
-64
329
-381
445
-427
445
-427
540
-468
587
-494
666
-540
827
-540
936
-204
937
-204
959
-222